Population: 101
1: 0	[1,2,7,1]
2: 0	[1,2,7,1]
3: 0	[1,2,7,1]
4: 0	[3,1,7,1]
5: 0	[3,1,7,1]
6: 0	[3,1,7,1]
7: 0	[3,1,7,1]
8: 0	[3,1,7,1]
9: 0	[3,1,7,1]
10: 0	[3,1,7,1]
11: 0	[3,1,7,1]
12: 0	[1,2,7,1]
13: 0	[3,1,7,1]
14: 0	[3,1,7,1]
15: 0	[1,2,7,1]
16: 0	[3,1,7,1]
17: 0	[3,1,7,1]
18: 0	[3,1,7,1]
19: 0	[3,1,7,1]
20: 0	[3,1,7,1]
21: 0	[3,1,7,1]
22: 0	[3,1,7,1]
23: 0	[3,1,7,1]
24: 0	[3,1,7,1]
25: 0	[3,1,7,1]
26: 0	[3,1,7,1]
27: 1	[1,1,8,1]
28: 1	[4,1,7,1]
29: 1	[2,1,7,1]
30: 1	[4,1,7,1]
31: 1	[2,2,7,1]
32: 1	[2,1,7,1]
33: 1	[2,1,7,1]
34: 2	[1,1,7,1]
35: 2	[1,1,7,1]
36: 2	[5,1,7,1]
37: 2	[1,1,7,1]
38: 2	[1,1,7,1]
39: 2	[1,1,7,1]
40: 2	[3,2,7,1]
41: 2	[3,2,7,1]
42: 2	[1,1,7,1]
43: 2	[3,2,7,1]
44: 2	[1,1,7,1]
45: 2	[3,2,7,1]
46: 2	[1,1,7,1]
47: 2	[1,1,7,1]
48: 2	[5,1,7,1]
49: 2	[1,1,7,1]
50: 2	[1,1,7,1]
51: 2	[1,3,7,1]
52: 3	[1,2,8,1]
53: 3	[6,1,7,1]
54: 3	[1,2,8,1]
55: 3	[6,1,7,1]
56: 3	[6,1,7,1]
57: 3	[6,1,7,1]
58: 4	[5,2,7,1]
59: 4	[5,2,7,1]
60: 4	[3,1,7,2]
61: 5	[1,1,6,1]
62: 5	[1,1,8,2]
63: 5	[6,2,7,1]
64: 5	[4,3,7,1]
65: 5	[1,4,4,1]
66: 5	[4,3,7,1]
67: 6	[3,4,7,1]
68: 6	[3,1,9,1]
69: 6	[6,1,4,1]
70: 6	[4,2,8,1]
71: 6	[1,2,5,1]
72: 7	[4,1,9,1]
73: 7	[4,1,9,1]
74: 7	[1,1,10,1]
75: 7	[3,4,6,2]
76: 8	[1,3,9,1]
77: 8	[3,1,7,3]
78: 9	[3,1,4,1]
79: 9	[3,1,4,1]
80: 9	[3,1,4,1]
81: 9	[3,1,6,4]
82: 9	[3,1,4,1]
83: 9	[6,1,9,1]
84: 9	[3,1,4,1]
85: 10	[4,1,10,1]
86: 10	[2,1,4,1]
87: 10	[4,1,10,1]
88: 10	[1,1,7,4]
89: 11	[1,1,4,1]
90: 11	[1,1,4,1]
91: 11	[1,1,4,1]
92: 11	[4,6,7,1]
93: 11	[3,2,10,1]
94: 12	[3,1,7,4]
95: 12	[3,1,3,1]
96: 13	[7,1,10,1]
97: 13	[2,1,3,1]
98: 14	[3,4,7,3]
99: 14	[1,1,3,1]
100: 14	[1,1,3,1]
