Population: 2
1: 2	[2,13,0,0]
2: 27	[0,0,1,0]
3: 27	[0,0,1,0]
4: 27	[0,0,1,0]
5: 27	[0,0,1,0]
Population: 3
1: 2	[2,13,0,0]
2: 4	[0,13,0,0]
3: 4	[0,13,0,0]
4: 4	[0,13,0,0]
5: 30	[0,0,0,0]
Population: 4
1: 2	[2,13,0,0]
2: 4	[0,13,0,0]
3: 4	[0,13,0,0]
4: 4	[0,13,0,0]
5: 30	[0,0,0,0]
Population: 5
1: 2	[2,13,0,0]
2: 2	[2,13,0,0]
3: 2	[2,13,0,0]
4: 4	[0,13,0,0]
5: 4	[0,13,0,0]
Population: 6
1: 2	[2,13,0,0]
2: 4	[0,13,0,0]
3: 4	[0,13,0,0]
4: 4	[0,13,0,0]
5: 4	[0,13,0,0]
Population: 7
1: 2	[2,13,0,0]
2: 4	[0,13,0,0]
3: 4	[0,13,0,0]
4: 4	[0,13,0,0]
5: 30	[0,0,0,0]
Population: 8
1: 2	[2,13,0,0]
2: 2	[2,13,0,0]
3: 4	[0,13,0,0]
4: 30	[0,0,0,0]
5: 30	[0,0,0,0]
Population: 9
1: 4	[0,13,0,0]
2: 4	[0,13,0,0]
3: 4	[0,13,0,0]
4: 4	[0,13,0,0]
5: 30	[0,0,0,0]
Population: 10
1: 4	[0,13,0,0]
2: 4	[0,13,0,0]
3: 4	[0,13,0,0]
4: 4	[0,13,0,0]
5: 30	[0,0,0,0]
Population: 11
1: 4	[0,13,0,0]
2: 4	[0,13,0,0]
3: 4	[0,13,0,0]
4: 4	[0,13,0,0]
5: 30	[0,0,0,0]
Population: 12
1: 4	[0,13,0,0]
2: 4	[0,13,0,0]
3: 30	[0,0,0,0]
4: 30	[0,0,0,0]
5: 30	[0,0,0,0]
Population: 13
1: 4	[0,13,0,0]
2: 4	[0,13,0,0]
3: 4	[0,13,0,0]
4: 30	[0,0,0,0]
5: 30	[0,0,0,0]
Population: 14
1: 4	[0,13,0,0]
2: 4	[0,13,0,0]
3: 4	[0,13,0,0]
4: 4	[0,13,0,0]
5: 30	[0,0,0,0]
Population: 15
1: 4	[0,13,0,0]
2: 4	[0,13,0,0]
3: 30	[0,0,0,0]
4: 30	[0,0,0,0]
5: 30	[0,0,0,0]
Population: 16
1: 4	[0,13,0,0]
2: 30	[0,0,0,0]
3: 30	[0,0,0,0]
4: 30	[0,0,0,0]
5: 30	[0,0,0,0]
Population: 17
1: 4	[0,13,0,0]
2: 4	[0,13,0,0]
3: 30	[0,0,0,0]
4: 30	[0,0,0,0]
5: 30	[0,0,0,0]
Population: 18
1: 4	[0,13,0,0]
2: 4	[0,13,0,0]
3: 4	[0,13,0,0]
4: 30	[0,0,0,0]
5: 30	[0,0,0,0]
Population: 19
1: 4	[0,13,0,0]
2: 4	[0,13,0,0]
3: 4	[0,13,0,0]
4: 30	[0,0,0,0]
5: 30	[0,0,0,0]
Population: 20
1: 4	[0,13,0,0]
2: 4	[0,13,0,0]
3: 30	[0,0,0,0]
4: 30	[0,0,0,0]
5: 30	[0,0,0,0]
Population: 21
1: 4	[0,13,0,0]
2: 4	[0,13,0,0]
3: 4	[0,13,0,0]
4: 4	[0,13,0,0]
5: 30	[0,0,0,0]
Population: 22
1: 4	[0,13,0,0]
2: 4	[0,13,0,0]
3: 4	[0,13,0,0]
4: 30	[0,0,0,0]
5: 30	[0,0,0,0]
Population: 23
1: 4	[0,13,0,0]
2: 4	[0,13,0,0]
3: 4	[0,13,0,0]
4: 4	[0,13,0,0]
5: 4	[0,13,0,0]
Population: 24
1: 4	[0,13,0,0]
2: 4	[0,13,0,0]
3: 4	[0,13,0,0]
4: 4	[0,13,0,0]
5: 30	[0,0,0,0]
Population: 25
1: 4	[0,13,0,0]
2: 4	[0,13,0,0]
3: 30	[0,0,0,0]
4: 30	[0,0,0,0]
5: 30	[0,0,0,0]
Population: 26
1: 4	[0,13,0,0]
2: 30	[0,0,0,0]
3: 30	[0,0,0,0]
4: 30	[0,0,0,0]
5: 30	[0,0,0,0]
Population: 27
1: 4	[0,13,0,0]
2: 4	[0,13,0,0]
3: 4	[0,13,0,0]
4: 30	[0,0,0,0]
5: 30	[0,0,0,0]
Population: 28
1: 4	[0,13,0,0]
2: 4	[0,13,0,0]
3: 4	[0,13,0,0]
4: 30	[0,0,0,0]
5: 30	[0,0,0,0]
Population: 29
1: 4	[0,13,0,0]
2: 30	[0,0,0,0]
3: 30	[0,0,0,0]
4: 30	[0,0,0,0]
5: 30	[0,0,0,0]
Population: 30
1: 4	[0,13,0,0]
2: 4	[0,13,0,0]
3: 30	[0,0,0,0]
4: 30	[0,0,0,0]
5: 30	[0,0,0,0]
Population: 31
1: 4	[0,13,0,0]
2: 4	[0,13,0,0]
3: 4	[0,13,0,0]
4: 30	[0,0,0,0]
5: 30	[0,0,0,0]
Population: 32
1: 4	[0,13,0,0]
2: 4	[0,13,0,0]
3: 30	[0,0,0,0]
4: 30	[0,0,0,0]
5: 30	[0,0,0,0]
Population: 33
1: 4	[0,13,0,0]
2: 4	[0,13,0,0]
3: 4	[0,13,0,0]
4: 4	[0,13,0,0]
5: 30	[0,0,0,0]
Population: 34
1: 4	[0,13,0,0]
2: 4	[0,13,0,0]
3: 4	[0,13,0,0]
4: 4	[0,13,0,0]
5: 4	[0,13,0,0]
Population: 35
1: 4	[0,13,0,0]
2: 4	[0,13,0,0]
3: 4	[0,13,0,0]
4: 30	[0,0,0,0]
5: 30	[0,0,0,0]
Population: 36
1: 4	[0,13,0,0]
2: 4	[0,13,0,0]
3: 4	[0,13,0,0]
4: 4	[0,13,0,0]
5: 30	[0,0,0,0]
Population: 37
1: 4	[0,13,0,0]
2: 4	[0,13,0,0]
3: 4	[0,13,0,0]
4: 30	[0,0,0,0]
5: 30	[0,0,0,0]
Population: 38
1: 4	[0,13,0,0]
2: 4	[0,13,0,0]
3: 4	[0,13,0,0]
4: 4	[0,13,0,0]
5: 30	[0,0,0,0]
Population: 39
1: 4	[0,13,0,0]
2: 4	[0,13,0,0]
3: 4	[0,13,0,0]
4: 4	[0,13,0,0]
5: 4	[0,13,0,0]
Population: 40
1: 4	[0,13,0,0]
2: 4	[0,13,0,0]
3: 4	[0,13,0,0]
4: 4	[0,13,0,0]
5: 30	[0,0,0,0]
Population: 41
1: 4	[0,13,0,0]
2: 4	[0,13,0,0]
3: 4	[0,13,0,0]
4: 4	[0,13,0,0]
5: 30	[0,0,0,0]
Population: 42
1: 4	[0,13,0,0]
2: 4	[0,13,0,0]
3: 30	[0,0,0,0]
4: 30	[0,0,0,0]
5: 30	[0,0,0,0]
Population: 43
1: 4	[0,13,0,0]
2: 30	[0,0,0,0]
3: 30	[0,0,0,0]
4: 30	[0,0,0,0]
5: 30	[0,0,0,0]
Population: 44
1: 4	[0,13,0,0]
2: 4	[0,13,0,0]
3: 30	[0,0,0,0]
4: 30	[0,0,0,0]
5: 30	[0,0,0,0]
Population: 45
1: 4	[0,13,0,0]
2: 4	[0,13,0,0]
3: 4	[0,13,0,0]
4: 30	[0,0,0,0]
5: 30	[0,0,0,0]
Population: 46
1: 4	[0,13,0,0]
2: 4	[0,13,0,0]
3: 4	[0,13,0,0]
4: 30	[0,0,0,0]
5: 30	[0,0,0,0]
Population: 47
1: 4	[0,13,0,0]
2: 4	[0,13,0,0]
3: 4	[0,13,0,0]
4: 30	[0,0,0,0]
5: 30	[0,0,0,0]
Population: 48
1: 4	[0,13,0,0]
2: 4	[0,13,0,0]
3: 4	[0,13,0,0]
4: 4	[0,13,0,0]
5: 30	[0,0,0,0]
Population: 49
1: 4	[0,13,0,0]
2: 4	[0,13,0,0]
3: 4	[0,13,0,0]
4: 30	[0,0,0,0]
5: 30	[0,0,0,0]
Population: 50
1: 4	[0,13,0,0]
2: 4	[0,13,0,0]
3: 30	[0,0,0,0]
4: 30	[0,0,0,0]
5: 30	[0,0,0,0]
Population: 51
1: 4	[0,13,0,0]
2: 4	[0,13,0,0]
3: 4	[0,13,0,0]
4: 4	[0,13,0,0]
5: 30	[0,0,0,0]
Population: 52
1: 4	[0,13,0,0]
2: 4	[0,13,0,0]
3: 30	[0,0,0,0]
4: 30	[0,0,0,0]
5: 30	[0,0,0,0]
Population: 53
1: 4	[0,13,0,0]
2: 4	[0,13,0,0]
3: 4	[0,13,0,0]
4: 4	[0,13,0,0]
5: 30	[0,0,0,0]
Population: 54
1: 4	[0,13,0,0]
2: 4	[0,13,0,0]
3: 4	[0,13,0,0]
4: 30	[0,0,0,0]
5: 30	[0,0,0,0]
Population: 55
1: 4	[0,13,0,0]
2: 4	[0,13,0,0]
3: 30	[0,0,0,0]
4: 30	[0,0,0,0]
5: 30	[0,0,0,0]
Population: 56
1: 4	[0,13,0,0]
2: 30	[0,0,0,0]
3: 30	[0,0,0,0]
4: 30	[0,0,0,0]
5: 30	[0,0,0,0]
Population: 57
1: 4	[0,13,0,0]
2: 4	[0,13,0,0]
3: 4	[0,13,0,0]
4: 30	[0,0,0,0]
5: 30	[0,0,0,0]
Population: 58
1: 4	[0,13,0,0]
2: 4	[0,13,0,0]
3: 4	[0,13,0,0]
4: 4	[0,13,0,0]
5: 30	[0,0,0,0]
Population: 59
1: 4	[0,13,0,0]
2: 4	[0,13,0,0]
3: 30	[0,0,0,0]
4: 30	[0,0,0,0]
5: 30	[0,0,0,0]
Population: 60
1: 4	[0,13,0,0]
2: 30	[0,0,0,0]
3: 30	[0,0,0,0]
4: 30	[0,0,0,0]
5: 30	[0,0,0,0]
Population: 61
1: 4	[0,13,0,0]
2: 4	[0,13,0,0]
3: 4	[0,13,0,0]
4: 4	[0,13,0,0]
5: 30	[0,0,0,0]
Population: 62
1: 4	[0,13,0,0]
2: 4	[0,13,0,0]
3: 4	[0,13,0,0]
4: 4	[0,13,0,0]
5: 30	[0,0,0,0]
Population: 63
1: 4	[0,13,0,0]
2: 4	[0,13,0,0]
3: 4	[0,13,0,0]
4: 30	[0,0,0,0]
5: 30	[0,0,0,0]
Population: 64
1: 4	[0,13,0,0]
2: 4	[0,13,0,0]
3: 4	[0,13,0,0]
4: 30	[0,0,0,0]
5: 30	[0,0,0,0]
Population: 65
1: 4	[0,13,0,0]
2: 4	[0,13,0,0]
3: 4	[0,13,0,0]
4: 30	[0,0,0,0]
5: 30	[0,0,0,0]
Population: 66
1: 4	[0,13,0,0]
2: 4	[0,13,0,0]
3: 30	[0,0,0,0]
4: 30	[0,0,0,0]
5: 30	[0,0,0,0]
Population: 67
1: 4	[0,13,0,0]
2: 30	[0,0,0,0]
3: 30	[0,0,0,0]
4: 30	[0,0,0,0]
5: 30	[0,0,0,0]
Population: 68
1: 4	[0,13,0,0]
2: 4	[0,13,0,0]
3: 4	[0,13,0,0]
4: 30	[0,0,0,0]
5: 30	[0,0,0,0]
Population: 69
1: 4	[0,13,0,0]
2: 4	[0,13,0,0]
3: 30	[0,0,0,0]
4: 30	[0,0,0,0]
5: 30	[0,0,0,0]
Population: 70
1: 4	[0,13,0,0]
2: 4	[0,13,0,0]
3: 4	[0,13,0,0]
4: 4	[0,13,0,0]
5: 30	[0,0,0,0]
Population: 71
1: 4	[0,13,0,0]
2: 4	[0,13,0,0]
3: 4	[0,13,0,0]
4: 30	[0,0,0,0]
5: 30	[0,0,0,0]
Population: 72
1: 4	[0,13,0,0]
2: 4	[0,13,0,0]
3: 30	[0,0,0,0]
4: 30	[0,0,0,0]
5: 30	[0,0,0,0]
Population: 73
1: 4	[0,13,0,0]
2: 4	[0,13,0,0]
3: 4	[0,13,0,0]
4: 30	[0,0,0,0]
5: 30	[0,0,0,0]
Population: 74
1: 4	[0,13,0,0]
2: 4	[0,13,0,0]
3: 4	[0,13,0,0]
4: 30	[0,0,0,0]
5: 30	[0,0,0,0]
Population: 75
1: 4	[0,13,0,0]
2: 4	[0,13,0,0]
3: 30	[0,0,0,0]
4: 30	[0,0,0,0]
5: 30	[0,0,0,0]
Population: 76
1: 4	[0,13,0,0]
2: 4	[0,13,0,0]
3: 30	[0,0,0,0]
4: 30	[0,0,0,0]
5: 30	[0,0,0,0]
Population: 77
1: 4	[0,13,0,0]
2: 4	[0,13,0,0]
3: 4	[0,13,0,0]
4: 30	[0,0,0,0]
5: 30	[0,0,0,0]
Population: 78
1: 4	[0,13,0,0]
2: 4	[0,13,0,0]
3: 4	[0,13,0,0]
4: 30	[0,0,0,0]
5: 30	[0,0,0,0]
Population: 79
1: 4	[0,13,0,0]
2: 4	[0,13,0,0]
3: 4	[0,13,0,0]
4: 30	[0,0,0,0]
5: 30	[0,0,0,0]
Population: 80
1: 4	[0,13,0,0]
2: 4	[0,13,0,0]
3: 30	[0,0,0,0]
4: 30	[0,0,0,0]
5: 30	[0,0,0,0]
Population: 81
1: 4	[0,13,0,0]
2: 4	[0,13,0,0]
3: 4	[0,13,0,0]
4: 30	[0,0,0,0]
5: 30	[0,0,0,0]
Population: 82
1: 4	[0,13,0,0]
2: 4	[0,13,0,0]
3: 4	[0,13,0,0]
4: 30	[0,0,0,0]
5: 30	[0,0,0,0]
Population: 83
1: 4	[0,13,0,0]
2: 4	[0,13,0,0]
3: 30	[0,0,0,0]
4: 30	[0,0,0,0]
5: 30	[0,0,0,0]
Population: 84
1: 4	[0,13,0,0]
2: 4	[0,13,0,0]
3: 30	[0,0,0,0]
4: 30	[0,0,0,0]
5: 30	[0,0,0,0]
Population: 85
1: 4	[0,13,0,0]
2: 4	[0,13,0,0]
3: 30	[0,0,0,0]
4: 30	[0,0,0,0]
5: 30	[0,0,0,0]
Population: 86
1: 4	[0,13,0,0]
2: 4	[0,13,0,0]
3: 4	[0,13,0,0]
4: 4	[0,13,0,0]
5: 30	[0,0,0,0]
Population: 87
1: 4	[0,13,0,0]
2: 4	[0,13,0,0]
3: 4	[0,13,0,0]
4: 30	[0,0,0,0]
5: 30	[0,0,0,0]
Population: 88
1: 4	[0,13,0,0]
2: 4	[0,13,0,0]
3: 4	[0,13,0,0]
4: 4	[0,13,0,0]
5: 30	[0,0,0,0]
Population: 89
1: 4	[0,13,0,0]
2: 4	[0,13,0,0]
3: 4	[0,13,0,0]
4: 30	[0,0,0,0]
5: 30	[0,0,0,0]
Population: 90
1: 4	[0,13,0,0]
2: 4	[0,13,0,0]
3: 30	[0,0,0,0]
4: 30	[0,0,0,0]
5: 30	[0,0,0,0]
Population: 91
1: 4	[0,13,0,0]
2: 4	[0,13,0,0]
3: 4	[0,13,0,0]
4: 30	[0,0,0,0]
5: 30	[0,0,0,0]
Population: 92
1: 4	[0,13,0,0]
2: 30	[0,0,0,0]
3: 30	[0,0,0,0]
4: 30	[0,0,0,0]
5: 30	[0,0,0,0]
Population: 93
1: 4	[0,13,0,0]
2: 4	[0,13,0,0]
3: 4	[0,13,0,0]
4: 4	[0,13,0,0]
5: 30	[0,0,0,0]
Population: 94
1: 4	[0,13,0,0]
2: 4	[0,13,0,0]
3: 4	[0,13,0,0]
4: 4	[0,13,0,0]
5: 30	[0,0,0,0]
Population: 95
1: 4	[0,13,0,0]
2: 30	[0,0,0,0]
3: 30	[0,0,0,0]
4: 30	[0,0,0,0]
5: 30	[0,0,0,0]
Population: 96
1: 4	[0,13,0,0]
2: 30	[0,0,0,0]
3: 30	[0,0,0,0]
4: 30	[0,0,0,0]
5: 30	[0,0,0,0]
Population: 97
1: 4	[0,13,0,0]
2: 4	[0,13,0,0]
3: 4	[0,13,0,0]
4: 30	[0,0,0,0]
5: 30	[0,0,0,0]
Population: 98
1: 4	[0,13,0,0]
2: 4	[0,13,0,0]
3: 4	[0,13,0,0]
4: 4	[0,13,0,0]
5: 30	[0,0,0,0]
Population: 99
1: 4	[0,13,0,0]
2: 4	[0,13,0,0]
3: 4	[0,13,0,0]
4: 4	[0,13,0,0]
5: 30	[0,0,0,0]
Population: 100
1: 4	[0,13,0,0]
2: 30	[0,0,0,0]
3: 30	[0,0,0,0]
4: 30	[0,0,0,0]
5: 30	[0,0,0,0]
Population: 101
1: 4	[0,13,0,0]
2: 4	[0,13,0,0]
3: 30	[0,0,0,0]
4: 30	[0,0,0,0]
5: 30	[0,0,0,0]
