Population: 1
1: 48	[12,5,16,2]
2: 121	[15,7,26,11]
3: 61	[10,17,1,11]
4: 231	[22,27,27,26]
5: 186	[2,14,30,24]
Population: 2
1: 46	[15,7,1,11]
2: 48	[12,5,16,2]
3: 61	[10,17,1,11]
4: 99	[2,14,1,24]
5: 99	[2,14,1,24]
Population: 3
1: 42	[15,5,1,11]
2: 46	[15,7,1,11]
3: 46	[15,7,1,11]
4: 48	[12,5,16,2]
5: 61	[10,17,1,11]
Population: 4
1: 42	[15,5,1,11]
2: 42	[15,5,1,11]
3: 46	[15,7,1,11]
4: 46	[15,7,1,11]
5: 84	[12,5,16,11]
Population: 5
1: 39	[12,5,1,11]
2: 42	[15,5,1,11]
3: 42	[15,5,1,11]
4: 46	[15,7,1,11]
5: 46	[15,7,1,11]
Population: 6
1: 42	[15,5,1,11]
2: 42	[15,5,1,11]
3: 46	[15,7,1,11]
4: 46	[15,7,1,11]
5: 46	[15,7,1,11]
Population: 7
1: 42	[15,5,1,11]
2: 42	[15,5,1,11]
3: 42	[15,5,1,11]
4: 42	[15,5,1,11]
5: 46	[15,7,1,11]
Population: 8
1: 42	[15,5,1,11]
2: 42	[15,5,1,11]
3: 42	[15,5,1,11]
4: 42	[15,5,1,11]
5: 42	[15,5,1,11]
Population: 9
1: 42	[15,5,1,11]
2: 42	[15,5,1,11]
3: 42	[15,5,1,11]
4: 42	[15,5,1,11]
5: 42	[15,5,1,11]
Population: 10
1: 42	[15,5,1,11]
2: 42	[15,5,1,11]
3: 42	[15,5,1,11]
4: 42	[15,5,1,11]
5: 42	[15,5,1,11]
Population: 11
1: 42	[15,5,1,11]
2: 42	[15,5,1,11]
3: 42	[15,5,1,11]
4: 42	[15,5,1,11]
5: 42	[15,5,1,11]
Population: 12
1: 42	[15,5,1,11]
2: 42	[15,5,1,11]
3: 42	[15,5,1,11]
4: 42	[15,5,1,11]
5: 42	[15,5,1,11]
Population: 13
1: 42	[15,5,1,11]
2: 42	[15,5,1,11]
3: 42	[15,5,1,11]
4: 42	[15,5,1,11]
5: 42	[15,5,1,11]
Population: 14
1: 42	[15,5,1,11]
2: 42	[15,5,1,11]
3: 42	[15,5,1,11]
4: 42	[15,5,1,11]
5: 42	[15,5,1,11]
Population: 15
1: 42	[15,5,1,11]
2: 42	[15,5,1,11]
3: 42	[15,5,1,11]
4: 42	[15,5,1,11]
5: 42	[15,5,1,11]
Population: 16
1: 42	[15,5,1,11]
2: 42	[15,5,1,11]
3: 42	[15,5,1,11]
4: 42	[15,5,1,11]
5: 42	[15,5,1,11]
Population: 17
1: 42	[15,5,1,11]
2: 42	[15,5,1,11]
3: 42	[15,5,1,11]
4: 42	[15,5,1,11]
5: 42	[15,5,1,11]
Population: 18
1: 42	[15,5,1,11]
2: 42	[15,5,1,11]
3: 42	[15,5,1,11]
4: 42	[15,5,1,11]
5: 42	[15,5,1,11]
Population: 19
1: 42	[15,5,1,11]
2: 42	[15,5,1,11]
3: 42	[15,5,1,11]
4: 42	[15,5,1,11]
5: 42	[15,5,1,11]
Population: 20
1: 42	[15,5,1,11]
2: 42	[15,5,1,11]
3: 42	[15,5,1,11]
4: 42	[15,5,1,11]
5: 42	[15,5,1,11]
Population: 21
1: 42	[15,5,1,11]
2: 42	[15,5,1,11]
3: 42	[15,5,1,11]
4: 42	[15,5,1,11]
5: 42	[15,5,1,11]
Population: 22
1: 42	[15,5,1,11]
2: 42	[15,5,1,11]
3: 42	[15,5,1,11]
4: 42	[15,5,1,11]
5: 42	[15,5,1,11]
Population: 23
1: 42	[15,5,1,11]
2: 42	[15,5,1,11]
3: 42	[15,5,1,11]
4: 42	[15,5,1,11]
5: 42	[15,5,1,11]
Population: 24
1: 42	[15,5,1,11]
2: 42	[15,5,1,11]
3: 42	[15,5,1,11]
4: 42	[15,5,1,11]
5: 42	[15,5,1,11]
Population: 25
1: 42	[15,5,1,11]
2: 42	[15,5,1,11]
3: 42	[15,5,1,11]
4: 42	[15,5,1,11]
5: 42	[15,5,1,11]
Population: 26
1: 42	[15,5,1,11]
2: 42	[15,5,1,11]
3: 42	[15,5,1,11]
4: 42	[15,5,1,11]
5: 42	[15,5,1,11]
Population: 27
1: 42	[15,5,1,11]
2: 42	[15,5,1,11]
3: 42	[15,5,1,11]
4: 42	[15,5,1,11]
5: 42	[15,5,1,11]
Population: 28
1: 42	[15,5,1,11]
2: 42	[15,5,1,11]
3: 42	[15,5,1,11]
4: 42	[15,5,1,11]
5: 42	[15,5,1,11]
Population: 29
1: 42	[15,5,1,11]
2: 42	[15,5,1,11]
3: 42	[15,5,1,11]
4: 42	[15,5,1,11]
5: 42	[15,5,1,11]
Population: 30
1: 42	[15,5,1,11]
2: 42	[15,5,1,11]
3: 42	[15,5,1,11]
4: 42	[15,5,1,11]
5: 42	[15,5,1,11]
Population: 31
1: 42	[15,5,1,11]
2: 42	[15,5,1,11]
3: 42	[15,5,1,11]
4: 42	[15,5,1,11]
5: 42	[15,5,1,11]
Population: 32
1: 42	[15,5,1,11]
2: 42	[15,5,1,11]
3: 42	[15,5,1,11]
4: 42	[15,5,1,11]
5: 42	[15,5,1,11]
Population: 33
1: 42	[15,5,1,11]
2: 42	[15,5,1,11]
3: 42	[15,5,1,11]
4: 42	[15,5,1,11]
5: 42	[15,5,1,11]
Population: 34
1: 42	[15,5,1,11]
2: 42	[15,5,1,11]
3: 42	[15,5,1,11]
4: 42	[15,5,1,11]
5: 42	[15,5,1,11]
Population: 35
1: 42	[15,5,1,11]
2: 42	[15,5,1,11]
3: 42	[15,5,1,11]
4: 42	[15,5,1,11]
5: 42	[15,5,1,11]
Population: 36
1: 42	[15,5,1,11]
2: 42	[15,5,1,11]
3: 42	[15,5,1,11]
4: 42	[15,5,1,11]
5: 42	[15,5,1,11]
Population: 37
1: 42	[15,5,1,11]
2: 42	[15,5,1,11]
3: 42	[15,5,1,11]
4: 42	[15,5,1,11]
5: 42	[15,5,1,11]
Population: 38
1: 42	[15,5,1,11]
2: 42	[15,5,1,11]
3: 42	[15,5,1,11]
4: 42	[15,5,1,11]
5: 42	[15,5,1,11]
Population: 39
1: 42	[15,5,1,11]
2: 42	[15,5,1,11]
3: 42	[15,5,1,11]
4: 42	[15,5,1,11]
5: 42	[15,5,1,11]
Population: 40
1: 42	[15,5,1,11]
2: 42	[15,5,1,11]
3: 42	[15,5,1,11]
4: 42	[15,5,1,11]
5: 42	[15,5,1,11]
Population: 41
1: 42	[15,5,1,11]
2: 42	[15,5,1,11]
3: 42	[15,5,1,11]
4: 42	[15,5,1,11]
5: 42	[15,5,1,11]
Population: 42
1: 42	[15,5,1,11]
2: 42	[15,5,1,11]
3: 42	[15,5,1,11]
4: 42	[15,5,1,11]
5: 42	[15,5,1,11]
Population: 43
1: 42	[15,5,1,11]
2: 42	[15,5,1,11]
3: 42	[15,5,1,11]
4: 42	[15,5,1,11]
5: 42	[15,5,1,11]
Population: 44
1: 42	[15,5,1,11]
2: 42	[15,5,1,11]
3: 42	[15,5,1,11]
4: 42	[15,5,1,11]
5: 42	[15,5,1,11]
Population: 45
1: 42	[15,5,1,11]
2: 42	[15,5,1,11]
3: 42	[15,5,1,11]
4: 42	[15,5,1,11]
5: 42	[15,5,1,11]
Population: 46
1: 42	[15,5,1,11]
2: 42	[15,5,1,11]
3: 42	[15,5,1,11]
4: 42	[15,5,1,11]
5: 42	[15,5,1,11]
Population: 47
1: 42	[15,5,1,11]
2: 42	[15,5,1,11]
3: 42	[15,5,1,11]
4: 42	[15,5,1,11]
5: 42	[15,5,1,11]
Population: 48
1: 42	[15,5,1,11]
2: 42	[15,5,1,11]
3: 42	[15,5,1,11]
4: 42	[15,5,1,11]
5: 42	[15,5,1,11]
Population: 49
1: 42	[15,5,1,11]
2: 42	[15,5,1,11]
3: 42	[15,5,1,11]
4: 42	[15,5,1,11]
5: 42	[15,5,1,11]
Population: 50
1: 42	[15,5,1,11]
2: 42	[15,5,1,11]
3: 42	[15,5,1,11]
4: 42	[15,5,1,11]
5: 42	[15,5,1,11]
Population: 51
1: 42	[15,5,1,11]
2: 42	[15,5,1,11]
3: 42	[15,5,1,11]
4: 42	[15,5,1,11]
5: 42	[15,5,1,11]
Population: 52
1: 42	[15,5,1,11]
2: 42	[15,5,1,11]
3: 42	[15,5,1,11]
4: 42	[15,5,1,11]
5: 42	[15,5,1,11]
Population: 53
1: 42	[15,5,1,11]
2: 42	[15,5,1,11]
3: 42	[15,5,1,11]
4: 42	[15,5,1,11]
5: 42	[15,5,1,11]
Population: 54
1: 42	[15,5,1,11]
2: 42	[15,5,1,11]
3: 42	[15,5,1,11]
4: 42	[15,5,1,11]
5: 42	[15,5,1,11]
Population: 55
1: 42	[15,5,1,11]
2: 42	[15,5,1,11]
3: 42	[15,5,1,11]
4: 42	[15,5,1,11]
5: 42	[15,5,1,11]
Population: 56
1: 42	[15,5,1,11]
2: 42	[15,5,1,11]
3: 42	[15,5,1,11]
4: 42	[15,5,1,11]
5: 42	[15,5,1,11]
Population: 57
1: 42	[15,5,1,11]
2: 42	[15,5,1,11]
3: 42	[15,5,1,11]
4: 42	[15,5,1,11]
5: 42	[15,5,1,11]
Population: 58
1: 42	[15,5,1,11]
2: 42	[15,5,1,11]
3: 42	[15,5,1,11]
4: 42	[15,5,1,11]
5: 42	[15,5,1,11]
Population: 59
1: 42	[15,5,1,11]
2: 42	[15,5,1,11]
3: 42	[15,5,1,11]
4: 42	[15,5,1,11]
5: 42	[15,5,1,11]
Population: 60
1: 42	[15,5,1,11]
2: 42	[15,5,1,11]
3: 42	[15,5,1,11]
4: 42	[15,5,1,11]
5: 42	[15,5,1,11]
Population: 61
1: 42	[15,5,1,11]
2: 42	[15,5,1,11]
3: 42	[15,5,1,11]
4: 42	[15,5,1,11]
5: 42	[15,5,1,11]
Population: 62
1: 42	[15,5,1,11]
2: 42	[15,5,1,11]
3: 42	[15,5,1,11]
4: 42	[15,5,1,11]
5: 42	[15,5,1,11]
Population: 63
1: 42	[15,5,1,11]
2: 42	[15,5,1,11]
3: 42	[15,5,1,11]
4: 42	[15,5,1,11]
5: 42	[15,5,1,11]
Population: 64
1: 42	[15,5,1,11]
2: 42	[15,5,1,11]
3: 42	[15,5,1,11]
4: 42	[15,5,1,11]
5: 42	[15,5,1,11]
Population: 65
1: 42	[15,5,1,11]
2: 42	[15,5,1,11]
3: 42	[15,5,1,11]
4: 42	[15,5,1,11]
5: 42	[15,5,1,11]
Population: 66
1: 42	[15,5,1,11]
2: 42	[15,5,1,11]
3: 42	[15,5,1,11]
4: 42	[15,5,1,11]
5: 42	[15,5,1,11]
Population: 67
1: 42	[15,5,1,11]
2: 42	[15,5,1,11]
3: 42	[15,5,1,11]
4: 42	[15,5,1,11]
5: 42	[15,5,1,11]
Population: 68
1: 42	[15,5,1,11]
2: 42	[15,5,1,11]
3: 42	[15,5,1,11]
4: 42	[15,5,1,11]
5: 42	[15,5,1,11]
Population: 69
1: 42	[15,5,1,11]
2: 42	[15,5,1,11]
3: 42	[15,5,1,11]
4: 42	[15,5,1,11]
5: 42	[15,5,1,11]
Population: 70
1: 42	[15,5,1,11]
2: 42	[15,5,1,11]
3: 42	[15,5,1,11]
4: 42	[15,5,1,11]
5: 42	[15,5,1,11]
Population: 71
1: 42	[15,5,1,11]
2: 42	[15,5,1,11]
3: 42	[15,5,1,11]
4: 42	[15,5,1,11]
5: 42	[15,5,1,11]
Population: 72
1: 42	[15,5,1,11]
2: 42	[15,5,1,11]
3: 42	[15,5,1,11]
4: 42	[15,5,1,11]
5: 42	[15,5,1,11]
Population: 73
1: 42	[15,5,1,11]
2: 42	[15,5,1,11]
3: 42	[15,5,1,11]
4: 42	[15,5,1,11]
5: 42	[15,5,1,11]
Population: 74
1: 42	[15,5,1,11]
2: 42	[15,5,1,11]
3: 42	[15,5,1,11]
4: 42	[15,5,1,11]
5: 42	[15,5,1,11]
Population: 75
1: 42	[15,5,1,11]
2: 42	[15,5,1,11]
3: 42	[15,5,1,11]
4: 42	[15,5,1,11]
5: 42	[15,5,1,11]
Population: 76
1: 42	[15,5,1,11]
2: 42	[15,5,1,11]
3: 42	[15,5,1,11]
4: 42	[15,5,1,11]
5: 42	[15,5,1,11]
Population: 77
1: 42	[15,5,1,11]
2: 42	[15,5,1,11]
3: 42	[15,5,1,11]
4: 42	[15,5,1,11]
5: 42	[15,5,1,11]
Population: 78
1: 42	[15,5,1,11]
2: 42	[15,5,1,11]
3: 42	[15,5,1,11]
4: 42	[15,5,1,11]
5: 42	[15,5,1,11]
Population: 79
1: 42	[15,5,1,11]
2: 42	[15,5,1,11]
3: 42	[15,5,1,11]
4: 42	[15,5,1,11]
5: 42	[15,5,1,11]
Population: 80
1: 42	[15,5,1,11]
2: 42	[15,5,1,11]
3: 42	[15,5,1,11]
4: 42	[15,5,1,11]
5: 42	[15,5,1,11]
Population: 81
1: 42	[15,5,1,11]
2: 42	[15,5,1,11]
3: 42	[15,5,1,11]
4: 42	[15,5,1,11]
5: 42	[15,5,1,11]
Population: 82
1: 42	[15,5,1,11]
2: 42	[15,5,1,11]
3: 42	[15,5,1,11]
4: 42	[15,5,1,11]
5: 42	[15,5,1,11]
Population: 83
1: 42	[15,5,1,11]
2: 42	[15,5,1,11]
3: 42	[15,5,1,11]
4: 42	[15,5,1,11]
5: 42	[15,5,1,11]
Population: 84
1: 42	[15,5,1,11]
2: 42	[15,5,1,11]
3: 42	[15,5,1,11]
4: 42	[15,5,1,11]
5: 42	[15,5,1,11]
Population: 85
1: 42	[15,5,1,11]
2: 42	[15,5,1,11]
3: 42	[15,5,1,11]
4: 42	[15,5,1,11]
5: 42	[15,5,1,11]
Population: 86
1: 42	[15,5,1,11]
2: 42	[15,5,1,11]
3: 42	[15,5,1,11]
4: 42	[15,5,1,11]
5: 42	[15,5,1,11]
Population: 87
1: 42	[15,5,1,11]
2: 42	[15,5,1,11]
3: 42	[15,5,1,11]
4: 42	[15,5,1,11]
5: 42	[15,5,1,11]
Population: 88
1: 42	[15,5,1,11]
2: 42	[15,5,1,11]
3: 42	[15,5,1,11]
4: 42	[15,5,1,11]
5: 42	[15,5,1,11]
Population: 89
1: 42	[15,5,1,11]
2: 42	[15,5,1,11]
3: 42	[15,5,1,11]
4: 42	[15,5,1,11]
5: 42	[15,5,1,11]
Population: 90
1: 42	[15,5,1,11]
2: 42	[15,5,1,11]
3: 42	[15,5,1,11]
4: 42	[15,5,1,11]
5: 42	[15,5,1,11]
Population: 91
1: 42	[15,5,1,11]
2: 42	[15,5,1,11]
3: 42	[15,5,1,11]
4: 42	[15,5,1,11]
5: 42	[15,5,1,11]
Population: 92
1: 42	[15,5,1,11]
2: 42	[15,5,1,11]
3: 42	[15,5,1,11]
4: 42	[15,5,1,11]
5: 42	[15,5,1,11]
Population: 93
1: 42	[15,5,1,11]
2: 42	[15,5,1,11]
3: 42	[15,5,1,11]
4: 42	[15,5,1,11]
5: 42	[15,5,1,11]
Population: 94
1: 42	[15,5,1,11]
2: 42	[15,5,1,11]
3: 42	[15,5,1,11]
4: 42	[15,5,1,11]
5: 42	[15,5,1,11]
Population: 95
1: 42	[15,5,1,11]
2: 42	[15,5,1,11]
3: 42	[15,5,1,11]
4: 42	[15,5,1,11]
5: 42	[15,5,1,11]
Population: 96
1: 42	[15,5,1,11]
2: 42	[15,5,1,11]
3: 42	[15,5,1,11]
4: 42	[15,5,1,11]
5: 42	[15,5,1,11]
Population: 97
1: 42	[15,5,1,11]
2: 42	[15,5,1,11]
3: 42	[15,5,1,11]
4: 42	[15,5,1,11]
5: 42	[15,5,1,11]
Population: 98
1: 42	[15,5,1,11]
2: 42	[15,5,1,11]
3: 42	[15,5,1,11]
4: 42	[15,5,1,11]
5: 42	[15,5,1,11]
Population: 99
1: 42	[15,5,1,11]
2: 42	[15,5,1,11]
3: 42	[15,5,1,11]
4: 42	[15,5,1,11]
5: 42	[15,5,1,11]
Population: 100
1: 42	[15,5,1,11]
2: 42	[15,5,1,11]
3: 42	[15,5,1,11]
4: 42	[15,5,1,11]
5: 42	[15,5,1,11]
Population: 101
1: 42	[15,5,1,11]
2: 42	[15,5,1,11]
3: 42	[15,5,1,11]
4: 42	[15,5,1,11]
5: 42	[15,5,1,11]
